EffectColorA: 4
EffectColorB: 0
FadePalette: 29, 0, 0.2861298, 0.5490603, 0.827457, 1, 0, 0, 0.1546648, 0.3711958, 0.6495923
