Palette: 0
AmbientSounds: OMNI><MSC-StructureStrain.ogg><767.2562><391.7655><0.5><0.2252811, OMNI><AM_WIN-MedWind.ogg><759.8734><561.475><0.6237329><1, SPOT><SO_SFX-Data2.ogg><571.9723><520.8821><0.5><1><198.7567><267.1841><-80.1772><-55.98764><0><0.1, SPOT><SO_SFX-Data2.ogg><569.1396><126.5351><0.5><1><198.7698><464.7706><-86.58032><-55.27615><0><0.1, SPOT><SO_SFX-DataStream.ogg><373.357><520.9179><0.5><1><540.4268><1089.709><-114.3272><-85.15741><0><0.1, SPOT><SO_SFX-Data3.ogg><561.4697><251.4913><0.5><1><205.6177><1611.449><-124.9991><-55.27618><0><0.1, SPOT><SO_SFX-Data3.ogg><567.4604><383.625><0.5><1><196.6678><1378.58><-92.98344><-58.8335><0><0.1, SPOT><SO_SFX-DataStream.ogg><778.9219><164.1484><0.5><1><1419.477><1895.795><-181.2043><-124.9991><0><0.1, 
FadePalette: 15, 0.5722603, 0.6573257, 0.7191912, 0.502661, 0.5877261, 0.6727929, 0.4098622, 0.5103946, 0.6573257
