Palette: 0
AmbientSounds: OMNI><AM_WIN-MedWind.ogg><758.2208><533.0531><0.3762671><1.083519, SPOT><SO_SFX-Data1.ogg><751.8351><419.0408><0.1674712><1><599.7048><268.5597><-120.7303><-43.89282><0><0.1231995, SPOT><SO_SFX-Data2.ogg><565.1658><417.7848><0.5><1><834.9304><1012.537><-43.18134><-41.75848><0><0.1, SPOT><SO_SFX-Data2.ogg><564.277><291.6796><0.5><1><848.2707><788.2504><-35.35534><-35.35534><0><0.1, SPOT><SO_SFX-Data1.ogg><568.561><546.3557><0.5><1><712.3975><1658.675><-129.9793><-26.10638><0><0.1618666, SPOT><SO_SFX-Data4.ogg><747.3569><444.3437><0.5><1><262.2642><2693.909><-96.54077><-63.81372><0><0.1, OMNI><MSC-StructureStrain.ogg><740.2421><205.6503><0.3221356><0.262249, 
FadePalette: 15, 0.4045408, 0.2938629, 0.1623988, 0
