Palette: 0
AmbientSounds: OMNI><MSC-StructureStrain.ogg><829.2911><378.4754><0.5><0.2948807, SPOT><SO_SFX-Data2.ogg><747.5621><477.0251><0.5><1><941.3745><735.7906><-99.3866><-88.71475><0><0.1, SPOT><SO_SFX-Data2.ogg><737.3696><476.6293><0.5><1><931.8936><544.0126><-122.1533><-53.8533><0><0.1, SPOT><SO_SFX-Data2.ogg><748.6345><476.491><0.5><1><942.447><326.8795><-111.4814><-71.63971><0><0.1, OMNI><AM_WIN-MedWind.ogg><761.0251><537.2648><0.6237329><1, SPOT><SO_SFX-Data1.ogg><585.493><498.5833><0.5><1><616.9586><973.8458><-203.971><-83.02306><0><0.2237317, SPOT><SO_SFX-Data4.ogg><702.8986><447.0409><0.5><1><1211.484><1869.954><-301.4407><-118.5959><0><0.1773323, 
FadePalette: 15, 0.7887908, 0.6959922, 0.5799934
