Palette: 0
FadePalette: 15, 0.8221356, 0.6650586, 0.525861, 0.3426743
