EffectColorA: 9
FadePalette: 15, 0.3426743, 0.1546651, 0
