CeilingDrips: 0.6855976
Clouds: 0.5866958
